8 5
6 6 0 0 6
6 6 6 2 0
0 6 6 4 0
0 6 3 0 6
0 0 0 5 0
0 0 6 6 0
0 0 6 0 4
0 6 6 6 0
output: 9
correct answer: 8

7 5
6 0 0 0 6
0 4 1 6 6
6 0 6 0 6
0 6 0 3 6
0 6 0 1 6
6 6 0 5 6
6 6 6 5 6
output: 4
correct answer: 3

7 7
6 0 0 0 0 0 6
0 6 0 0 0 0 0
0 0 0 0 0 0 0
0 0 0 0 0 1 0
0 0 0 0 0 0 4
1 0 0 0 0 6 0
0 0 6 3 0 2 0
output: 16
correct answer: 15

5 5
6 0 6 6 0
6 4 2 0 0
2 6 0 4 6
6 6 0 6 6
0 0 0 6 6
correct = 3, wrong = 5

4 6
2 6 0 3 0 2
0 0 0 0 0 0
0 0 0 0 0 0
0 0 0 0 6 1
correct = 8, wrong = 11

5 5
0 0 0 0 0
6 2 0 0 4
0 0 0 4 0
5 0 0 5 0
6 0 0 0 0
correct = 3, wrong = 5

6 5
2 2 6 0 5
0 6 6 0 4
6 6 0 0 0
2 6 4 6 0
6 3 0 0 6
6 4 0 6 6
correct = 1, wrong = 2

5 6
0 3 0 0 0 0
0 0 0 0 0 0
6 0 0 2 2 0
6 1 2 0 6 6
0 0 6 0 6 6
correct = 5, wrong = 8

4 5
0 0 0 6 0
6 0 6 0 0
2 6 0 0 0
0 0 6 0 3
correct = 8, wrong = 9

4 4
0 4 0 2
0 0 0 2
0 0 0 0
3 5 0 0
correct = 1, wrong = 2

5 5
2 0 6 3 4
0 0 6 0 0
0 0 6 0 5
6 0 3 4 2
0 5 0 0 0
correct = 0, wrong = 2

3 6
0 5 5 0 2 0
0 0 2 0 0 3
0 0 0 0 0 0
correct = 2, wrong = 3

5 4
6 6 6 6
6 0 6 6
6 2 6 0
6 0 6 6
6 6 6 6
correct = 1, wrong = 3